1215.6701
1025.728
972.517
949.742
937.814
930.751
926.249
923.148
6564.6
4862.71
4341.692
4102.892
3971.198
3890.166
3836.485
3798.987
18756.4
12821.578
10941.17
10052.6
9548.8
9232.2
9017.8
40522.79
26258.71
21661.178
19450.89
18179.2
17366.885
74599.0
46537.8
37405.76
32969.8
30392.02
123719.12
75024.4
59082.2
51286.5
4472.735
5877.249
6679.995
10832.057
10833.306
3889.75
7067.138
1640.42
9852.96
8729.53
4622.864
6097000.0
3703700.0
1576429.62
2325.4
2324.21
2328.83
2327.64
2326.11
1908.73
1906.68
5201.705
6585.27
6549.86
5756.19
1218000.0
2053000.0
2142.3
573300.0
6302.046
6365.535
5578.89
631852.0
1455350.0
3727.1
3729.86
7332.21
7321.94
2471.088
1661.241
1666.15
5008.24
4960.295
4364.435
2321.664
883564.0
518145.0
128135.48
155551.0
360135.0
3869.86
3968.59
3343.5
1812.205
4725.47
2796.352
2803.53
348140.0
10323.32
6732.673
6718.294
4069.75
4077.5
187130.0
334800.0
9533.2
9071.1
6313.81
3722.75
105105.0
69852.74
7137.77
7753.19
5193.27
3109.98
218302.0
89913.8
7334.17
2669.951
2661.146
1854.716
1862.7895
143678.0
8581.06
9126.1
5539.411
5519.242
606420.0
328709.0